vesselCount = 3
UT = 236797169.86522859
gameMode = CAREER
gameNull = False
gameCompatible = True
funds = 124048.8828128131
science = 0
reputationPercent = 54
ongoingContracts = 3
missionCurrentScore = 0
missionIsStarted = False
missionIsEnded = False
missionHistoryId = 00000000-0000-0000-0000-000000000000
missionExpansionVersion = 
saveMD5 = 56e3f72db46691273c19f024a3b28856
