vesselCount = 3
UT = 236797169.86522859
gameMode = CAREER
gameNull = False
gameCompatible = True
funds = 129504.44970734435
science = 0
reputationPercent = 54
ongoingContracts = 3
missionCurrentScore = 0
missionIsStarted = False
missionIsEnded = False
missionHistoryId = 00000000-0000-0000-0000-000000000000
missionExpansionVersion = 
saveMD5 = 7115d8899edede2f2ef17b4652ea3307
