vesselCount = 3
UT = 236797169.86522859
gameMode = CAREER
gameNull = False
gameCompatible = True
funds = 123374.46713561445
science = 0
reputationPercent = 54
ongoingContracts = 3
missionCurrentScore = 0
missionIsStarted = False
missionIsEnded = False
missionHistoryId = 00000000-0000-0000-0000-000000000000
missionExpansionVersion = 
saveMD5 = 41e65ff07413c4a9f221b0bd2d89807b
