vesselCount = 2
UT = 154483778.9216764
gameMode = CAREER
gameNull = False
gameCompatible = True
funds = 304741.31692046992
science = 5
reputationPercent = 52
ongoingContracts = 0
missionCurrentScore = 0
missionIsStarted = False
missionIsEnded = False
missionHistoryId = 00000000-0000-0000-0000-000000000000
missionExpansionVersion = 
saveMD5 = 3f425532dbbcf336add0d4b1e6d7a6e2
