vesselCount = 4
UT = 230217751.3228395
gameMode = CAREER
gameNull = False
gameCompatible = True
funds = 211681.08707945677
science = 0
reputationPercent = 54
ongoingContracts = 3
missionCurrentScore = 0
missionIsStarted = False
missionIsEnded = False
missionHistoryId = 00000000-0000-0000-0000-000000000000
missionExpansionVersion = 
saveMD5 = 3c2b925a120bac8e027f6f923959754a
